137902
13481
137903
pt_11696
13166
pt_11697
pt_11698
pt_11699
42529
137906
137904
137905
126803
140592
142296
pt_19543
52014
81013
88967
111285
52018
13167
13442
126809
36963
36964
pt_20296
5670
65530
43362
pt_15768
65531
pt_15769
120135
149538
149539
151896
11111
11110
43361
11752
11755
137000
13067
153213
92448
4234
160065
24399
pt_11670
148541
160066
24398
pt_11671
pt_20507
pt_19483
107790
61624
61625
pt_19166
151904
58855
pt_20279
58856
24397
131192
13068
107789
11761
58859
pt_11667
pt_11668
pt_11669
29217
40676
29216
142295
54782
126811
148544
pt_19458
126810
54785
32495
138035
138033
